0 0.28226999999999997 0.4172883333333333 0.08590874999999999 0.1105
0 0.258255 0.46940000000000004 0.07441374999999999 0.09294333333333332
0 0.51594375 0.81014 0.071 0.16064166666666668
0 0.39798500000000003 0.21715 0.10361125 0.06582666666666666
0 0.43195375 0.18637333333333334 0.05557125 0.10078333333333334
0 0.42494875000000004 0.22781833333333334 0.08968875 0.12279333333333334
0 0.5272487499999999 0.165985 0.11905249999999999 0.04519833333333333
0 0.47797125 0.16027 0.11798874999999999 0.041993333333333334
0 0.52393625 0.3541716666666667 0.10008750000000001 0.05793166666666666
0 0.65521375 0.2501383333333333 0.10348625 0.07693333333333334
0 0.6961537499999999 0.18838166666666667 0.0508525 0.07847166666666666
0 0.72717625 0.367935 0.09068375000000001 0.11013833333333334
0 0.75286125 0.35150833333333337 0.063075 0.13323166666666666
0 0.78520625 0.40738 0.06235875 0.11663