0 0.32174 0.35208666666666666 0.13844 0.06322333333333333
0 0.49295 0.18131833333333336 0.10336 0.09835333333333333
0 0.6091862499999999 0.19631833333333334 0.1208325 0.06835333333333334
0 0.60810125 0.240825 0.07116249999999999 0.14736833333333335
0 0.6955925 0.18672 0.046145000000000005 0.09249
0 0.6930425 0.34573499999999996 0.11604625 0.11052000000000001
0 0.701195 0.4816316666666667 0.042348750000000004 0.17231500000000002
0 0.543295 0.3545566666666667 0.04155 0.068165
0 0.5575525 0.7790316666666666 0.05006375 0.18044666666666667
0 0.5371575000000001 0.798285 0.116775 0.11228666666666667
0 0.30783375 0.6708616666666667 0.06812625 0.12744166666666668
0 0.29329875 0.6989933333333334 0.0490575 0.14037
0 0.37416625 0.8014316666666667 0.1057925 0.09858
0 0.5136425 0.8376216666666666 0.089745 0.11762833333333333