0 0.21154750000000003 0.3759916666666666 0.07555374999999999 0.10436833333333334
0 0.51651375 0.19426166666666667 0.06548875 0.13424
0 0.32306375000000004 0.29731833333333335 0.06358625 0.09368666666666667
0 0.44879 0.31066333333333335 0.07503874999999999 0.13371166666666667
0 0.2895725 0.41333166666666665 0.049104999999999996 0.15571333333333334
0 0.31357125 0.46751 0.11960124999999999 0.11407166666666665
0 0.40159625 0.5986516666666667 0.07315125 0.17302166666666668
0 0.2837625 0.6556633333333334 0.06998375 0.08370999999999999
0 0.27994375000000005 0.7348683333333333 0.049847499999999996 0.12545333333333333
0 0.33118875000000003 0.7589899999999999 0.047336249999999996 0.16369666666666666
0 0.72424375 0.4958433333333333 0.11844625 0.057405
0 0.6510375 0.33335 0.044535 0.09575166666666667
0 0.747115 0.4383733333333333 0.05418875 0.16246333333333332
0 0.74986875 0.5502933333333334 0.06719625000000001 0.13630333333333333