0 0.2549 0.5163 0.06475875 0.144985
0 0.47628750000000003 0.69224 0.07003374999999999 0.18353
0 0.48860125 0.7904816666666667 0.0546625 0.16001500000000002
0 0.664205 0.7710583333333334 0.10336875000000001 0.14450166666666667
0 0.683485 0.69556 0.09443 0.11016999999999999
0 0.65453125 0.3650016666666667 0.0690225 0.10905333333333334
0 0.7502162499999999 0.3519966666666667 0.0574875 0.08483
0 0.7109387500000001 0.35472333333333333 0.08795499999999999 0.060358333333333326
0 0.73315125 0.4141283333333333 0.10111624999999999 0.072285
0 0.70930375 0.40658666666666665 0.11675125 0.08499
0 0.7598275 0.3975466666666667 0.0406375 0.13318000000000002
0 0.7523975 0.5236966666666666 0.0602475 0.12254333333333334
0 0.7360025 0.5504166666666667 0.10120875 0.09689
0 0.7611212500000001 0.576215 0.045628749999999996 0.086495