0 0.40770875 0.14356333333333332 0.04791625 0.08601500000000001
0 0.543125 0.17493166666666665 0.06375 0.16541833333333333
0 0.48104125 0.22326666666666664 0.11458375 0.05542166666666666
0 0.25333375 0.351835 0.06666625000000001 0.08922666666666666
0 0.55333375 0.31906833333333334 0.09666625000000001 0.07702666666666667
0 0.7425 0.41542666666666667 0.055 0.09974166666666667
0 0.54354125 0.484575 0.12458375 0.08137333333333334
0 0.2425 0.642305 0.04 0.09683333333333333
0 0.28291625 0.6475816666666666 0.050833750000000004 0.09738499999999999
0 0.33375 0.7028416666666667 0.0425 0.11123833333333333
0 0.37416625 0.7658866666666666 0.07333374999999999 0.053995
0 0.33625 0.7531000000000001 0.0675 0.141755