0 0.68464375 0.17470833333333333 0.0717475 0.09180166666666666
0 0.58875 0.19406166666666666 0.10245875 0.06050833333333334
0 0.6704275 0.25986333333333334 0.14831624999999998 0.08211
0 0.541745 0.30466 0.04094875 0.061705
0 0.6073825 0.5751766666666667 0.10222375 0.12607166666666667
0 0.56180625 0.8299233333333333 0.12857375 0.05889666666666667
0 0.42244875000000004 0.7205316666666666 0.10735625 0.07011333333333333
0 0.25982875 0.32389833333333334 0.0771175 0.07017999999999999
0 0.32706375000000004 0.37175500000000006 0.12408875 0.06589333333333333
0 0.261775 0.5585983333333333 0.05100875 0.12958
0 0.29977625 0.6301033333333333 0.1120125 0.11259
0 0.2927425 0.6737650000000001 0.07794374999999999 0.12658