0 0.37916625 0.19383 0.11333375 0.05655
0 0.57145875 0.17410833333333334 0.07541625 0.10043833333333334
0 0.404375 0.303785 0.09625 0.14979166666666666
0 0.30541625 0.36155166666666666 0.050833750000000004 0.11199166666666667
0 0.24020875 0.48401500000000003 0.05291625 0.11358666666666667
0 0.25791625 0.6067566666666666 0.04083375 0.11907
0 0.25 0.7039483333333333 0.075 0.13345333333333334
0 0.273125 0.6881233333333333 0.08375 0.11180166666666666
0 0.53125 0.5642766666666666 0.0625 0.06411
0 0.37083375 0.7550566666666667 0.041666249999999995 0.055668333333333334
0 0.49416625 0.83753 0.11333375 0.07728
0 0.5816662499999999 0.825865 0.09833375 0.087285
0 0.75708375 0.5395483333333333 0.03916625 0.16465