0 0.33479125 0.25853333333333334 0.10708374999999999 0.06262166666666667
0 0.37583375 0.161335 0.05166625 0.09489166666666667
0 0.476875 0.17493666666666666 0.04125 0.12543
0 0.55479125 0.18272166666666664 0.11208375 0.061
0 0.65020875 0.21076 0.06291624999999999 0.12707500000000002
0 0.48041625 0.2987916666666667 0.04583375 0.11980333333333335
0 0.54375 0.34849499999999994 0.0625 0.14254666666666665
0 0.69895875 0.3310033333333333 0.050416249999999996 0.11756333333333334
0 0.793125 0.4809583333333333 0.03875 0.13080666666666668
0 0.75 0.6003716666666666 0.055 0.10296666666666666
0 0.72458375 0.7183933333333333 0.03916625 0.10900666666666665
0 0.61583375 0.6900616666666667 0.041666249999999995 0.14568
0 0.46375 0.8405833333333333 0.0575 0.08005666666666666
0 0.28583375 0.69202 0.041666249999999995 0.052928333333333334