0 0.5744225000000001 0.14994 0.11630375 0.062264999999999994
0 0.5753475 0.19720833333333335 0.118155 0.046801666666666665
0 0.7594025 0.27022 0.096265 0.15282500000000002
0 0.71878375 0.30385666666666666 0.07752625 0.05343
0 0.708995 0.34507499999999997 0.030449999999999998 0.052535
0 0.75614125 0.353135 0.04724375 0.058655
0 0.34283125000000003 0.271775 0.048121250000000004 0.04593333333333334
0 0.27582249999999997 0.598955 0.076605 0.14029333333333333
0 0.28818125 0.6903733333333333 0.0963225 0.11313166666666666
0 0.32653375 0.7249266666666667 0.09552625000000001 0.12557
0 0.37972125 0.72556 0.11690125 0.05017
0 0.441175 0.7612733333333334 0.07730875000000001 0.16159833333333334
0 0.46012875000000003 0.8480816666666666 0.12271625 0.08188166666666667
0 0.60023 0.8260416666666667 0.10541875 0.111135