0 0.44062 0.29542 0.0562 0.17655666666666664
0 0.33489125000000003 0.27295166666666665 0.0547425 0.06828833333333334
0 0.287995 0.35372333333333333 0.10595125 0.06983166666666667
0 0.26936625 0.34666833333333336 0.05619125 0.14572000000000002
0 0.286795 0.41682166666666665 0.04355 0.16602833333333333
0 0.2725125 0.4657733333333333 0.09248375 0.07059666666666667
0 0.28699874999999997 0.51863 0.1264575 0.05631166666666667
0 0.25092 0.550235 0.04679875 0.15618833333333335
0 0.7453525 0.46911833333333336 0.12066374999999999 0.13062166666666666
0 0.72919625 0.490715 0.1233525 0.040481666666666666
0 0.7395237499999999 0.6756883333333333 0.04900625 0.177095
0 0.39988 0.7063649999999999 0.12472 0.09844666666666665
0 0.36217625 0.7898516666666666 0.1168125 0.09208833333333333
0 0.41578250000000005 0.8288449999999999 0.104025 0.07340666666666666