0 0.62226375 0.20845666666666668 0.1094875 0.095965
0 0.6984175 0.20651666666666665 0.03679375 0.122085
0 0.68947875 0.3049466666666667 0.1139175 0.10561
0 0.41004250000000003 0.205485 0.102545 0.05002
0 0.375535 0.235725 0.06602875 0.12050166666666666
0 0.39886374999999996 0.22332833333333335 0.10268625 0.03904166666666667
0 0.5561875 0.4366233333333333 0.03983375 0.052296666666666665
0 0.69638 0.4936433333333334 0.04272 0.17300333333333334
0 0.25645 0.6030633333333334 0.06536 0.151845
0 0.29545125 0.6993366666666667 0.055862499999999995 0.16439166666666666
0 0.37937625 0.812335 0.07871125000000001 0.12372166666666667
0 0.5021162499999999 0.856445 0.10169125 0.055273333333333334
0 0.52137625 0.8043183333333334 0.05021125 0.1743533333333333
0 0.52128125 0.8003533333333334 0.0800225 0.11309166666666666