0 0.734915 0.24579666666666666 0.08229 0.14731
0 0.48084750000000004 0.25817999999999997 0.051655 0.16207833333333332
0 0.5714175 0.26549333333333336 0.035295 0.14003833333333335
0 0.62356375 0.2889966666666667 0.0420875 0.177045
0 0.5780599999999999 0.5116733333333333 0.04607875 0.169065
0 0.5367412500000001 0.5089166666666667 0.10094249999999999 0.12021666666666665
0 0.289225 0.3069 0.06090875 0.14618333333333333
0 0.26205124999999996 0.6076316666666667 0.06156375 0.14764833333333333
0 0.22052750000000002 0.632575 0.08351375 0.11753333333333334
0 0.35667000000000004 0.7095233333333334 0.09079875 0.15143166666666666
0 0.30563375000000004 0.7332016666666666 0.0762275 0.12878666666666666
0 0.3923125 0.7977833333333333 0.11208499999999999 0.07128333333333334
0 0.438695 0.8686416666666668 0.12485125 0.06300166666666666
0 0.5885175 0.824275 0.12699375000000002 0.07760166666666667