0 0.514035 0.17109 0.11303 0.05456333333333333
0 0.5238725 0.2062716666666667 0.09520624999999999 0.13492833333333334
0 0.247075 0.679195 0.08411 0.110775
0 0.45860375 0.7010783333333334 0.0646675 0.06454
0 0.5633812500000001 0.8394050000000001 0.12172125 0.07452666666666667
0 0.62127 0.19687666666666667 0.08000125 0.08947166666666667
0 0.65980875 0.24260833333333334 0.06957625 0.10426666666666667
0 0.67784 0.3818383333333334 0.06313875000000001 0.15939333333333333
0 0.72193125 0.30955666666666665 0.0638225 0.158165
0 0.73746 0.4226133333333333 0.11237875 0.09761166666666667
0 0.753385 0.48597166666666664 0.08423 0.10432833333333334
0 0.7441725 0.5367033333333333 0.100805 0.10912333333333334
0 0.7416725000000001 0.6009816666666666 0.10580500000000001 0.08434833333333333