0 0.69398375 0.338505 0.0844225 0.08021833333333334
0 0.6633125 0.33983166666666664 0.04089625 0.05161
0 0.7162200000000001 0.37055499999999997 0.06981375 0.09305166666666666
0 0.7189875 0.49710333333333334 0.11567374999999999 0.044805
0 0.28764875 0.29612666666666665 0.05386875 0.136755
0 0.3135825 0.31986166666666666 0.0485325 0.15046333333333334
0 0.27910375 0.3667166666666667 0.08554375 0.12163666666666667
0 0.23120500000000002 0.4024316666666667 0.03757625 0.10304
0 0.26093875000000005 0.44270166666666666 0.10173125000000001 0.09480166666666666
0 0.40407875 0.5981783333333334 0.06259624999999999 0.15817833333333334
0 0.3288625 0.5693083333333333 0.07065250000000001 0.120445
0 0.26718624999999996 0.6059833333333333 0.033575 0.14627833333333332
0 0.29055624999999996 0.72048 0.08406625 0.127695
0 0.366585 0.757765 0.113275 0.077225