0 0.417885 0.24402 0.03698125 0.17316833333333334
0 0.44767250000000003 0.2559016666666667 0.05301625 0.15088833333333335
0 0.7099624999999999 0.284895 0.08662625 0.104775
0 0.30842624999999996 0.35175 0.121355 0.042298333333333334
0 0.3064375 0.38088000000000005 0.13089125000000001 0.034495
0 0.27384625 0.34746000000000005 0.0281725 0.10578666666666667
0 0.25094875 0.525845 0.033423749999999995 0.15826666666666667
0 0.28358249999999996 0.5279016666666666 0.122715 0.050271666666666666
0 0.290645 0.5817249999999999 0.10080625 0.10586833333333334
0 0.29926375 0.6332016666666667 0.088015 0.11273166666666666
0 0.38408375 0.6590199999999999 0.12853125 0.046255
0 0.6136325 0.5524766666666667 0.09666 0.08340666666666667
0 0.71693125 0.5587766666666666 0.04350875 0.055968333333333335
0 0.73559875 0.6945100000000001 0.06733 0.13325