0 0.3659975 0.21546833333333332 0.08695375 0.10665333333333332
0 0.45841624999999997 0.16856000000000002 0.12429125 0.069505
0 0.5472312500000001 0.22784 0.024421250000000002 0.05473
0 0.64168375 0.20271 0.10582625 0.077805
0 0.6325675 0.24447333333333332 0.042595 0.17466500000000001
0 0.6788099999999999 0.231775 0.10007875 0.12593333333333334
0 0.28339375 0.3976133333333333 0.03924625 0.14761166666666667
0 0.6148112499999999 0.4879133333333333 0.1095825 0.07821
0 0.689505 0.5828216666666667 0.05647 0.06136166666666667
0 0.52003125 0.6607333333333334 0.0825225 0.12051833333333334
0 0.64878875 0.727455 0.11753625 0.11062666666666666
0 0.40240625 0.7367083333333333 0.0622725 0.062468333333333334
0 0.43214749999999996 0.7705266666666667 0.084255 0.11344
0 0.48980124999999997 0.8396783333333333 0.1170625 0.05174