0 0.45744875 0.22217666666666666 0.03735625 0.15006999999999998
0 0.2673525 0.4361466666666667 0.054665 0.14467666666666665
0 0.29306625000000003 0.6421433333333334 0.0735925 0.10333666666666666
0 0.333155 0.7374683333333334 0.06377000000000001 0.15732
0 0.43214749999999996 0.67602 0.084255 0.134425
0 0.72431375 0.6924133333333332 0.0960875 0.12387666666666666
0 0.6577775 0.27728 0.09756375 0.11883
0 0.6871825 0.2798566666666667 0.0907925 0.07818
0 0.6984575 0.25897333333333333 0.1133425 0.09679333333333333
0 0.63954875 0.36777 0.0657925 0.14157833333333333
0 0.65741375 0.4045 0.12026125 0.10053
0 0.6458937499999999 0.4896233333333333 0.0831675 0.100055
0 0.69116 0.5765533333333334 0.05971 0.05738666666666666
0 0.78421625 0.43259666666666663 0.0724975 0.09218166666666668