0 0.31503 0.35746000000000006 0.10002 0.06730333333333333
0 0.30086375 0.39849166666666663 0.1116875 0.05936833333333333
0 0.3012125 0.609385 0.09988375000000001 0.11449000000000001
0 0.3145675 0.6316416666666667 0.09909375 0.08233333333333333
0 0.30112 0.6462233333333334 0.07970125 0.12483
0 0.2632075 0.6867533333333334 0.088875 0.07589166666666668
0 0.5571312500000001 0.8328533333333333 0.13422125 0.04809166666666667
0 0.45344249999999997 0.17946499999999999 0.07684375 0.09464666666666667
0 0.53244 0.30385666666666666 0.037340000000000005 0.05343
0 0.5451675 0.3433633333333333 0.087795 0.142445
0 0.58208375 0.1907283333333333 0.0991275 0.067175
0 0.68503875 0.17470833333333333 0.04503625 0.09180166666666666
0 0.72045125 0.23795166666666667 0.040862499999999996 0.13828833333333335