0 0.32380125 0.35181333333333337 0.12506125 0.08600999999999999
0 0.27936374999999997 0.42172166666666666 0.08618625 0.11916166666666667
0 0.30067875 0.5397783333333334 0.12131625 0.04860833333333333
0 0.30461374999999996 0.5953350000000001 0.1041875 0.10305500000000001
0 0.34331375000000003 0.7527699999999999 0.09158875000000001 0.09459166666666666
0 0.6013200000000001 0.21788166666666667 0.0551 0.13147999999999999
0 0.66226125 0.22324166666666667 0.0794825 0.06886666666666666
0 0.69728 0.31251666666666666 0.10201874999999999 0.13741833333333334
0 0.74549375 0.4120533333333334 0.07594625 0.09649166666666667
0 0.73236875 0.47775500000000004 0.10219625 0.08122666666666667
0 0.55740875 0.8266183333333333 0.14477625 0.05562
0 0.6757075 0.765685 0.098875 0.14042166666666667
0 0.65601375 0.6524166666666666 0.0419875 0.06055