0 0.31156625000000004 0.3251833333333333 0.053915 0.11807333333333334
0 0.3266675 0.34702999999999995 0.121105 0.09875166666666667
0 0.41916625 0.2581233333333333 0.047195 0.05518666666666667
0 0.6269425 0.23426833333333333 0.12164749999999999 0.06227333333333333
0 0.68371375 0.28567166666666666 0.0461475 0.12398166666666667
0 0.6889225 0.366715 0.13464625000000002 0.06141166666666667
0 0.77908 0.4339666666666667 0.07454875 0.058925000000000005
0 0.7424762500000001 0.5677116666666666 0.10819125 0.07983666666666667
0 0.67502 0.65303 0.0513625 0.06964999999999999
0 0.30203125 0.5455 0.1232025 0.049113333333333335
0 0.31516000000000005 0.5895683333333334 0.087815 0.11533166666666667
0 0.4103175 0.7145416666666666 0.101415 0.05020666666666667
0 0.32672625 0.7440633333333333 0.1027275 0.08459166666666666
0 0.386575 0.8024566666666666 0.10324625 0.08357