0 0.28458375 0.31212 0.09416625 0.11979666666666666
0 0.27875 0.44403166666666666 0.0625 0.08028666666666667
0 0.32604125 0.517625 0.08958374999999999 0.05747333333333333
0 0.66333375 0.2854716666666667 0.12666625 0.053165000000000004
0 0.755 0.404325 0.055 0.05087333333333333
0 0.48354125 0.491235 0.04958375 0.12135833333333333
0 0.63666625 0.5564883333333333 0.06333375000000001 0.1552
0 0.29916624999999997 0.6381466666666666 0.11333375 0.04518333333333334
0 0.30020875 0.6970183333333333 0.06791625000000001 0.049593333333333336
0 0.5014587500000001 0.8700216666666667 0.11541625000000001 0.05893333333333334
0 0.56208375 0.7925300000000001 0.049166249999999995 0.16727999999999998
0 0.65208375 0.7470033333333334 0.11916625 0.049563333333333334
0 0.619375 0.8253133333333333 0.05625 0.059515