0 0.26834625 0.5590283333333333 0.0841525 0.123775
0 0.30141875 0.6014416666666667 0.13279624999999998 0.06860166666666667
0 0.51406125 0.8121333333333334 0.0555825 0.1933166666666667
0 0.5070749999999999 0.8393566666666668 0.10749500000000001 0.028123333333333334
0 0.50789125 0.85396 0.1171425 0.03061
0 0.5456475000000001 0.7531783333333333 0.063595 0.15611
0 0.693865 0.493375 0.036172499999999996 0.16237166666666666
0 0.558635 0.44677999999999995 0.040670000000000005 0.039253333333333335
0 0.6639725 0.312335 0.06616875 0.13911333333333334
0 0.69370625 0.20812833333333333 0.03104375 0.11774666666666667
0 0.60576125 0.20216 0.11728749999999999 0.06946833333333334
0 0.4669675 0.17173000000000002 0.11145125 0.04602
0 0.42668375 0.1781066666666667 0.09822 0.045945
0 0.40313375 0.20666833333333334 0.11444875 0.044285