0 0.21708375000000002 0.37932499999999997 0.06416625000000001 0.10087333333333333
0 0.26 0.3893166666666667 0.045 0.14085666666666666
0 0.30958375 0.52067 0.03916625 0.126895
0 0.27458375 0.6639716666666666 0.04416625 0.060165
0 0.52604125 0.7008983333333334 0.09458375 0.10401833333333334
0 0.56166625 0.2585183333333333 0.05333375 0.16925666666666667
0 0.61333375 0.6881299999999999 0.05666625 0.06514833333333334
0 0.73 0.31517666666666666 0.085 0.10257666666666668
0 0.714375 0.372935 0.04125 0.13142333333333334
0 0.74604125 0.4626266666666667 0.02958375 0.15414333333333333
0 0.72395875 0.498735 0.07541625 0.09969333333333333
0 0.75083375 0.5398266666666667 0.05166625 0.15520833333333334
0 0.69833375 0.64758 0.10166625 0.10404999999999999
0 0.73041625 0.6670166666666667 0.06083375 0.12292166666666667