0 0.42663249999999997 0.2943216666666667 0.047042499999999994 0.17168833333333336
0 0.35534125 0.24572166666666664 0.04728125 0.07626833333333334
0 0.28796499999999997 0.3529583333333333 0.09405625000000001 0.08607666666666668
0 0.28382875 0.42972499999999997 0.03906625 0.154185
0 0.26712 0.3465066666666667 0.05370125 0.13724166666666668
0 0.23268 0.4424683333333333 0.0395475 0.06933166666666667
0 0.2876925 0.5224783333333333 0.11887125 0.05316
0 0.25304625 0.5537033333333333 0.03890125 0.15298333333333333
0 0.40282999999999997 0.717765 0.11022375 0.11449000000000001
0 0.42456875000000005 0.8223316666666667 0.07762000000000001 0.12963833333333333
0 0.45362375 0.813925 0.03829125 0.13062
0 0.54763875 0.7447733333333334 0.08750374999999999 0.14359
0 0.7531925 0.46585333333333334 0.10085124999999999 0.14279666666666666
0 0.7209762500000001 0.4965466666666667 0.11783750000000001 0.045790000000000004