0 0.32921625 0.3771566666666667 0.13089250000000002 0.060031666666666664
0 0.540055 0.3178783333333333 0.03507 0.07480666666666666
0 0.54461 0.16294166666666665 0.11668 0.07827
0 0.59699 0.19897499999999999 0.09893874999999999 0.080335
0 0.6996675 0.19147499999999998 0.034293750000000005 0.095335
0 0.68952625 0.26292333333333334 0.09901125000000001 0.09823
0 0.7335499999999999 0.2963266666666667 0.07206 0.07837166666666667
0 0.7094349999999999 0.48168999999999995 0.03882875 0.15243
0 0.309985 0.6787650000000001 0.07493125 0.11658
0 0.2998025 0.6884033333333334 0.054564999999999995 0.14919333333333332
0 0.39823875 0.8266600000000001 0.10393625000000001 0.11237
0 0.42103625 0.8317183333333334 0.1120325 0.08248666666666667
0 0.447955 0.7991183333333334 0.09337125 0.11062000000000001
0 0.5754862500000001 0.8097933333333334 0.1234325 0.07197166666666667