0 0.440505 0.29292 0.04347 0.18155666666666664
0 0.63587625 0.28642666666666666 0.07671125000000001 0.13523666666666667
0 0.7340137499999999 0.44634833333333335 0.07298625 0.05508166666666667
0 0.71771625 0.49401999999999996 0.12039125 0.04375666666666667
0 0.31406 0.32385166666666665 0.06307875 0.15675666666666666
0 0.309965 0.324615 0.03238875 0.10828166666666668
0 0.3054275 0.29562166666666667 0.043315 0.10696166666666666
0 0.22846625 0.38497166666666666 0.0768925 0.07899500000000001
0 0.26864625000000003 0.4593516666666667 0.08725374999999999 0.07108666666666666
0 0.29324874999999995 0.5132283333333333 0.11395749999999999 0.06217333333333334
0 0.25154499999999996 0.5533533333333334 0.04554875 0.15242333333333333
0 0.36817 0.6341416666666666 0.1363 0.07733333333333334
0 0.37229500000000004 0.8528500000000001 0.05954875 0.15141833333333332
0 0.56368125 0.899085 0.12482375 0.06388833333333332