0 0.42852375 0.17431833333333335 0.120335 0.06921666666666666
0 0.6666799999999999 0.40192500000000003 0.14873 0.08463999999999999
0 0.7317275 0.29885666666666666 0.07091 0.05989666666666667
0 0.7212575 0.37391166666666664 0.1051575 0.06455
0 0.79905375 0.39069666666666664 0.0541175 0.14261333333333331
0 0.775575 0.493125 0.043095 0.05827
0 0.7117025 0.61216 0.1271175 0.097835
0 0.270705 0.3466383333333333 0.06908625 0.13160333333333332
0 0.26644875 0.46932666666666667 0.10421125 0.06382333333333333
0 0.23607 0.5318933333333333 0.0319025 0.15815333333333334
0 0.37251 0.6917783333333334 0.036545 0.13899333333333333
0 0.34706875000000004 0.7976416666666667 0.0665175 0.11628
0 0.52185625 0.8537133333333333 0.095235 0.06756666666666666
0 0.63869625 0.7633366666666668 0.07351250000000001 0.10243333333333333