0 0.668005 0.16922333333333334 0.03890125 0.10921833333333332
0 0.6655625 0.20769666666666667 0.0791025 0.04512666666666666
0 0.55592375 0.17308666666666667 0.114735 0.040645
0 0.5792200000000001 0.19937 0.0867625 0.06777833333333333
0 0.62529 0.2185133333333333 0.06011875 0.10490833333333334
0 0.5407075 0.303465 0.0392175 0.06441
0 0.32019 0.369445 0.086325 0.130475
0 0.2873125 0.39666 0.0448475 0.15831666666666666
0 0.31454750000000004 0.632225 0.09758499999999999 0.07800833333333333
0 0.3066725 0.6180233333333333 0.10177625 0.12012333333333333
0 0.344545 0.7523416666666667 0.08994875000000001 0.10783833333333333
0 0.56093375 0.8330383333333332 0.13169125 0.048426666666666666