0 0.27880625 0.6598716666666666 0.11507250000000001 0.13212666666666667
0 0.51440625 0.8092883333333333 0.0937725 0.174295
0 0.25814 0.45805666666666667 0.07123874999999999 0.08849833333333333
0 0.23950749999999998 0.46470833333333333 0.071475 0.1518
0 0.2858675 0.4852383333333333 0.09169374999999999 0.14286166666666666
0 0.3257025 0.32411333333333336 0.06386375 0.06727666666666667
0 0.2998025 0.3303333333333333 0.054564999999999995 0.13638333333333333
0 0.36683125 0.2682966666666667 0.0686225 0.10231
0 0.39187374999999997 0.19886 0.10370625 0.12010333333333334
0 0.57115875 0.16216666666666665 0.11727625 0.06005166666666667
0 0.5231325 0.19530999999999998 0.083725 0.12967166666666666
0 0.65342 0.3414233333333333 0.0768 0.16856333333333334
0 0.6979075 0.190455 0.05077375 0.08996166666666666
0 0.7564662499999999 0.367875 0.04289125 0.11813333333333333