0 0.43013125 0.184335 0.1327225 0.057721666666666664
0 0.3204925 0.31100833333333333 0.090945 0.15773333333333334
0 0.25147375 0.46491 0.0679075 0.082205
0 0.26721375 0.6525583333333334 0.0493875 0.15416666666666667
0 0.31419875 0.7465766666666667 0.06835625000000001 0.15887
0 0.38648374999999996 0.6960616666666667 0.040427500000000005 0.151175
0 0.38546125000000003 0.8277666666666668 0.11838125 0.08791833333333333
0 0.51285625 0.8588566666666667 0.09317125 0.08009833333333333
0 0.7176950000000001 0.33095 0.07784999999999999 0.13761833333333334
0 0.745125 0.30404166666666665 0.04520875 0.060469999999999996
0 0.763155 0.5200066666666666 0.038770000000000006 0.15239833333333333
0 0.79206 0.48634333333333335 0.031243749999999997 0.045788333333333334
0 0.71753 0.6054816666666667 0.11608375 0.09846833333333332
0 0.7222324999999999 0.692375 0.085555 0.12316666666666666