0 0.57382 0.15636333333333333 0.11009999999999999 0.061776666666666674
0 0.5770375 0.20153333333333334 0.12403375 0.05545
0 0.6955225 0.18968 0.06850375 0.07174333333333333
0 0.715935 0.2997016666666667 0.09433 0.128455
0 0.7376012500000001 0.33415500000000004 0.06766124999999999 0.10402666666666666
0 0.71084625 0.35638166666666665 0.0341525 0.08181333333333334
0 0.3421825 0.30512 0.05682375 0.04595833333333333
0 0.27630875 0.37399333333333334 0.0700775 0.15037166666666668
0 0.29177125 0.43593 0.04100375 0.14757833333333334
0 0.28635375 0.4968766666666667 0.08516625 0.12947
0 0.22703125 0.5275366666666667 0.08902125 0.12745666666666666
0 0.26962 0.619055 0.07419875000000001 0.13716
0 0.36340249999999996 0.7818216666666667 0.12176624999999999 0.07602666666666667
0 0.50065625 0.7994333333333334 0.12127249999999999 0.144585