0 0.33793625 0.7344966666666666 0.09085750000000001 0.058853333333333334
0 0.35587625 0.7515233333333334 0.10418999999999999 0.05177333333333333
0 0.3805175 0.809725 0.09533 0.08432333333333333
0 0.4305825 0.7473500000000001 0.063745 0.06715833333333333
0 0.6187787499999999 0.5340233333333333 0.0912775 0.09774333333333333
0 0.6871787500000001 0.578075 0.06432625 0.094085
0 0.74103 0.5091866666666667 0.0937125 0.11926666666666667
0 0.45520499999999997 0.20078666666666667 0.08213875 0.10051666666666667
0 0.55247 0.16688833333333333 0.155635 0.09442333333333333
0 0.546785 0.18821833333333332 0.0422175 0.12917333333333333
0 0.5570525000000001 0.18788 0.128015 0.04306
0 0.60991 0.2597716666666667 0.05217875 0.16785833333333333
0 0.6316575 0.2233933333333333 0.11940875 0.068205