0 0.4975 0.17078000000000002 0.12 0.07378
0 0.53541625 0.3623883333333333 0.11083375 0.09033166666666667
0 0.6633475 0.23491333333333334 0.06573375000000001 0.10927166666666667
0 0.3164325 0.7085483333333333 0.10482625 0.06114166666666667
0 0.358285 0.7851866666666667 0.08057500000000001 0.082995
0 0.40835125 0.7565033333333334 0.03989625 0.13202
0 0.44159875 0.836805 0.1157775 0.06732333333333333
0 0.62778125 0.4642866666666666 0.03755 0.057633333333333335
0 0.6878212499999999 0.4223133333333334 0.08018375 0.07694833333333333
0 0.670025 0.48278999999999994 0.03755 0.09776833333333333
0 0.69740375 0.6076516666666666 0.09700249999999999 0.14409833333333333