0 0.63895875 0.25381 0.10541625 0.08317333333333334
0 0.25708375 0.49512833333333334 0.09416625 0.08247833333333333
0 0.29833375 0.6567449999999999 0.06166625 0.09904666666666666
0 0.26958375 0.6803416666666667 0.07916625000000001 0.14957333333333334
0 0.65083375 0.35795 0.05166625 0.054788333333333335
0 0.748125 0.5109466666666667 0.04875 0.15744666666666665
0 0.76958375 0.45958666666666664 0.049166249999999995 0.05139666666666667
0 0.64916625 0.5937100000000001 0.09833375 0.08964166666666668
0 0.62208375 0.651185 0.06916625 0.14126
0 0.66458375 0.6981200000000001 0.07416625 0.11179666666666666
0 0.60833375 0.6814516666666667 0.06666625000000001 0.15845833333333334