0 0.69459625 0.19397499999999998 0.0666525 0.090335
0 0.568195 0.15262666666666666 0.12135 0.064305
0 0.575185 0.20153333333333334 0.12032999999999999 0.05545
0 0.693255 0.34708666666666665 0.04897 0.07322333333333333
0 0.7602374999999999 0.32106666666666667 0.07793375000000001 0.11785000000000001
0 0.7691487499999999 0.38417999999999997 0.058257500000000004 0.13741166666666668
0 0.34234375 0.29456 0.05464875 0.04483833333333333
0 0.26362625 0.37979833333333335 0.05471125 0.14864666666666668
0 0.27892625 0.43651999999999996 0.027813749999999998 0.15875666666666666
0 0.2564975 0.5142033333333333 0.050455 0.15412333333333333
0 0.24096625 0.6151733333333333 0.0518925 0.18939833333333336
0 0.25631125 0.6103183333333333 0.060083750000000005 0.14968833333333334
0 0.2816775 0.6549583333333333 0.09081499999999999 0.11230166666666666
0 0.49369 0.7878833333333334 0.11484 0.12815