0 0.28758249999999996 0.33589166666666664 0.040125 0.14750166666666667
0 0.56600125 0.23282333333333335 0.0294625 0.12136333333333332
0 0.6243275 0.2881633333333333 0.046115 0.17871166666666666
0 0.533755 0.47633333333333333 0.11247 0.07171666666666666
0 0.57711 0.51084 0.05168 0.17073166666666667
0 0.6673975000000001 0.4777266666666667 0.12475375 0.09117
0 0.67198375 0.577205 0.04892875 0.07012666666666667
0 0.719615 0.5798333333333333 0.10918875 0.09204999999999999
0 0.25432125 0.5525483333333333 0.0511025 0.14414833333333332
0 0.23045625 0.636985 0.0858725 0.096355
0 0.28572875 0.68306 0.08641625 0.13516999999999998
0 0.33340875 0.6488966666666667 0.08177625000000001 0.060178333333333334
0 0.36182875000000003 0.7758299999999999 0.1286175 0.07071166666666666
0 0.58229 0.8129400000000001 0.13204125 0.058265