0 0.37291625 0.217435 0.10583374999999999 0.060423333333333336
0 0.29291625 0.3615483333333333 0.06583375 0.13198666666666667
0 0.70645875 0.32378666666666667 0.06541625000000001 0.10312833333333334
0 0.73333375 0.523735 0.11166625000000001 0.05635833333333333
0 0.73041625 0.5478783333333334 0.05583375 0.16131333333333334
0 0.37270875000000003 0.54344 0.11791625 0.132435
0 0.26979125 0.7042349999999999 0.06208375 0.07735833333333333
0 0.39416625 0.6198049999999999 0.06833375 0.14849833333333334
0 0.55166625 0.6167466666666667 0.058333750000000004 0.16571666666666665
0 0.66625 0.7494883333333334 0.0475 0.15786333333333333
0 0.63666625 0.7947666666666667 0.11333375 0.05842166666666666