0 0.38729125 0.19826333333333332 0.07708374999999999 0.13208166666666668
0 0.464375 0.161615 0.07125 0.078785
0 0.61645875 0.20937833333333333 0.08541625 0.08097833333333333
0 0.70208375 0.29407833333333333 0.05916625 0.067045
0 0.75625 0.39599333333333336 0.0425 0.060875
0 0.72729125 0.4604066666666667 0.052083750000000005 0.14970166666666668
0 0.26041625 0.5592783333333333 0.08583375 0.067445
0 0.27791625 0.707845 0.07583374999999999 0.07457833333333334
0 0.29833375 0.6942283333333333 0.05166625 0.14401166666666668
0 0.370625 0.8108683333333333 0.10375 0.090625
0 0.56333375 0.79031 0.08166625000000001 0.15617333333333333
0 0.62833375 0.7986516666666666 0.09166625 0.07286000000000001