0 0.40411624999999995 0.20881833333333336 0.11069375 0.043353333333333334
0 0.39245125000000003 0.24242166666666667 0.11736125 0.09722666666666667
0 0.416965 0.305635 0.07388875 0.15365499999999999
0 0.4761225 0.34582166666666664 0.12220375 0.08069333333333334
0 0.55091 0.413865 0.03928 0.04344833333333333
0 0.68737625 0.18564166666666665 0.0422125 0.10700166666666666
0 0.68901625 0.3500883333333334 0.11299124999999999 0.10922666666666667
0 0.25006125 0.6032216666666667 0.07258374999999999 0.16882666666666668
0 0.356575 0.722845 0.12061 0.05807333333333333
0 0.40393124999999996 0.80705 0.12032125 0.08981666666666667
0 0.5178524999999999 0.8138150000000001 0.13316624999999999 0.11334833333333334
0 0.52605125 0.8057399999999999 0.0445625 0.18386333333333335
0 0.69214375 0.4896916666666667 0.0567475 0.17843499999999998