0 0.52416625 0.106355 0.14333375 0.06493166666666667
0 0.57645875 0.1857716666666667 0.09541625000000001 0.09043333333333334
0 0.673125 0.24325333333333332 0.07875 0.10872833333333333
0 0.60520875 0.26574166666666665 0.02791625 0.143705
0 0.74666625 0.35599499999999995 0.058333750000000004 0.12754666666666667
0 0.72291625 0.42459833333333336 0.11083375 0.04142
0 0.665625 0.48901666666666666 0.02875 0.09692166666666666
0 0.700625 0.6070316666666666 0.08875 0.14295166666666667
0 0.3125 0.6164766666666667 0.075 0.11517666666666666
0 0.26791624999999997 0.59926 0.05583375 0.11407500000000001
0 0.30333375 0.7164466666666667 0.05666625 0.12178333333333334
0 0.35729125 0.743375 0.052083750000000005 0.17897333333333332
0 0.63729125 0.43376 0.03708375 0.056409999999999995