0 0.2914925 0.22283999999999998 0.08044375 0.06473
0 0.32090875 0.266845 0.10677625 0.10274166666666668
0 0.4830475 0.23107000000000003 0.04355375 0.15452333333333332
0 0.5337575 0.18209333333333333 0.062475 0.11657
0 0.6057837500000001 0.18486666666666668 0.1165275 0.08878333333333334
0 0.69617125 0.17822833333333332 0.05980125 0.09217499999999999
0 0.6923975 0.26042333333333334 0.07475375 0.10323
0 0.6871875 0.3532633333333333 0.10183625 0.08557833333333334
0 0.72202 0.381295 0.134 0.06163999999999999
0 0.726215 0.3982016666666667 0.03489 0.15878833333333334
0 0.74651375 0.39307333333333333 0.04798625 0.14186500000000002
0 0.7819937499999999 0.4413783333333333 0.07144750000000001 0.055139999999999995
0 0.5152875 0.8027083333333334 0.060535 0.15780166666666665
0 0.28522125 0.7180433333333334 0.0504025 0.14180500000000001