0 0.33541624999999997 0.20465833333333333 0.10583374999999999 0.07487166666666667
0 0.428125 0.16939333333333334 0.08875 0.06100666666666667
0 0.52791625 0.20409999999999998 0.08583375 0.09375499999999999
0 0.605625 0.18272166666666664 0.09875 0.061
0 0.5952087500000001 0.21382500000000002 0.03791625 0.056538333333333336
0 0.35916624999999996 0.403215 0.10833374999999999 0.05531666666666666
0 0.295625 0.3726566666666667 0.04875 0.13420166666666666
0 0.26645875 0.38654333333333335 0.050416249999999996 0.11531
0 0.26333375000000003 0.49068500000000004 0.06666625000000001 0.08692333333333332
0 0.27645875000000003 0.5381616666666666 0.04041625 0.15187833333333334
0 0.36041625 0.7553333333333333 0.10083375 0.059555
0 0.38458375 0.80976 0.10416625 0.075075