0 0.34839375 0.16350499999999998 0.10688249999999999 0.11757166666666666
0 0.63461375 0.3113533333333333 0.0462425 0.07924666666666667
0 0.23696875 0.4960233333333333 0.07037625 0.04216833333333333
0 0.41142375 0.60033 0.040426250000000004 0.17509166666666665
0 0.33549874999999996 0.5587733333333333 0.10453875 0.05084333333333333
0 0.26985125 0.58302 0.0695 0.11579
0 0.262295 0.641365 0.13213624999999998 0.12717333333333333
0 0.29673374999999996 0.5944033333333334 0.07513875 0.10400166666666666
0 0.28845125 0.630295 0.0770825 0.10174166666666667
0 0.33681375 0.7979516666666667 0.0763175 0.10796666666666666
0 0.57245625 0.8410366666666667 0.1243175 0.05592333333333334
0 0.63173625 0.7338183333333334 0.040487499999999996 0.15082500000000001
0 0.7103725 0.48381166666666664 0.11261 0.05558833333333333
0 0.7116975 0.49143 0.10538875 0.037915000000000004