0 0.45961874999999996 0.15905 0.13669625 0.06381666666666666
0 0.5486875 0.17291333333333334 0.05483375 0.06821166666666667
0 0.44786375 0.24681666666666668 0.0731875 0.15268333333333334
0 0.541975 0.25323833333333334 0.06640875 0.15219333333333332
0 0.6734874999999999 0.16914833333333332 0.064435 0.08068166666666667
0 0.6873025 0.3485666666666667 0.11456625 0.06285
0 0.7057525 0.44346 0.07396375000000001 0.12263666666666667
0 0.7510950000000001 0.4411916666666667 0.07214875000000001 0.048100000000000004
0 0.75054 0.4270083333333334 0.05104 0.15306833333333333
0 0.7260737500000001 0.63835 0.0796075 0.12575
0 0.51213875 0.8157399999999999 0.07423874999999999 0.16386333333333333
0 0.5418099999999999 0.845425 0.11857875 0.06989999999999999
0 0.45265249999999996 0.8564149999999999 0.13026374999999998 0.06521500000000001
0 0.2801 0.6833333333333333 0.14766125 0.11238499999999998