0 0.66 0.19660500000000003 0.08 0.06876666666666667
0 0.69708375 0.24047333333333332 0.10416625 0.12317
0 0.4825 0.21382500000000002 0.115 0.04987333333333333
0 0.38458375 0.14717 0.04416625 0.109895
0 0.424375 0.176055 0.10125 0.08099833333333334
0 0.30375 0.28019 0.0825 0.085935
0 0.26729125 0.30129333333333336 0.08708375 0.09481
0 0.26291625 0.6448016666666666 0.06083375 0.11849166666666668
0 0.42520875 0.8380833333333333 0.07791625 0.08505666666666667
0 0.51375 0.8478066666666667 0.1175 0.05450333333333333
0 0.61270875 0.8128166666666666 0.07791625 0.06452166666666667