0 0.438185 0.12437999999999999 0.13883125000000002 0.09114666666666667
0 0.34935750000000004 0.19255333333333333 0.046174999999999994 0.08082333333333333
0 0.62844375 0.19153333333333333 0.11934625 0.07545
0 0.319125 0.35501666666666665 0.13071000000000002 0.05241833333333333
0 0.3116725 0.38299 0.13080375 0.048365
0 0.30264749999999996 0.5886683333333333 0.087755 0.11638833333333334
0 0.290425 0.55383 0.12331 0.06004333333333333
0 0.38927875 0.68493 0.13851750000000002 0.06224333333333333
0 0.3314625 0.7434166666666666 0.10788500000000001 0.10588499999999999
0 0.4316375 0.77544 0.098235 0.133265
0 0.6782312500000001 0.6725 0.0864225 0.13405166666666665
0 0.74412875 0.5081116666666666 0.06571625 0.11194166666666666
0 0.74998375 0.484765 0.07992624999999999 0.09191666666666666
0 0.69469125 0.608755 0.03684125 0.04656166666666667