0 0.20104125 0.4595766666666667 0.044583750000000005 0.12470833333333334
0 0.2775 0.5848183333333333 0.045 0.11852666666666666
0 0.27145875 0.6242533333333333 0.06041625 0.10406333333333333
0 0.31666625 0.7442116666666667 0.05333375 0.15731166666666666
0 0.34604124999999997 0.8050416666666667 0.08958374999999999 0.062303333333333336
0 0.414375 0.8986216666666665 0.10125 0.07946666666666667
0 0.50604125 0.41765166666666664 0.11958374999999999 0.077525
0 0.673125 0.28268166666666666 0.05375 0.13425333333333334
0 0.64666625 0.292685 0.10833374999999999 0.09426
0 0.72645875 0.4182066666666666 0.06541625000000001 0.078635
0 0.73333375 0.48291166666666663 0.09166625 0.06471333333333333
0 0.62479125 0.57315 0.06208375 0.161855
0 0.62916625 0.6370233333333333 0.05333375 0.13626833333333332