0 0.37756875 0.19934833333333332 0.1100975 0.094415
0 0.5593125 0.2420183333333333 0.03358375 0.09308833333333333
0 0.62168875 0.2951166666666667 0.045837499999999996 0.209285
0 0.5806749999999999 0.521185 0.05380875 0.17475333333333334
0 0.6788125 0.5793016666666666 0.05008375 0.06098833333333333
0 0.69470875 0.6737516666666667 0.1293775 0.05988833333333333
0 0.6306425 0.8053533333333334 0.11124500000000001 0.10309166666666666
0 0.4216875 0.7876383333333333 0.053335 0.14099333333333333
0 0.487255 0.8598766666666667 0.13696875 0.08547166666666667
0 0.25249375 0.5440583333333333 0.0399475 0.14383333333333334
0 0.26587 0.6247133333333333 0.08169875 0.18514499999999998
0 0.313735 0.65684 0.06743125000000001 0.10606499999999999
0 0.3159825 0.6733616666666666 0.04442375 0.12244166666666666
0 0.254785 0.6385649999999999 0.052028750000000006 0.12284833333333334