0 0.27297750000000004 0.35569 0.043415 0.17709666666666665
0 0.39675499999999997 0.2537433333333333 0.13097 0.04987166666666667
0 0.47096 0.313955 0.13438 0.070295
0 0.4737425 0.2511116666666667 0.039945 0.17127333333333336
0 0.50429375 0.20102833333333334 0.05104875 0.15777333333333332
0 0.32368624999999995 0.6342983333333333 0.11233125 0.094315
0 0.50621375 0.8136133333333334 0.0823875 0.18294333333333335
0 0.6589037499999999 0.26147166666666666 0.11026625 0.09866166666666668
0 0.69480625 0.1928966666666667 0.04957125 0.10484500000000001
0 0.7298712500000001 0.32906833333333335 0.05720125 0.14385333333333333
0 0.6965399999999999 0.34186999999999995 0.09053874999999999 0.086125
0 0.71538125 0.4212033333333333 0.07322125 0.15479333333333334
0 0.75458875 0.4229583333333333 0.09663625 0.12163333333333333