0 0.5261012500000001 0.16501333333333335 0.04935125 0.09457833333333333
0 0.5574425 0.18137666666666666 0.056722499999999995 0.08562
0 0.54391875 0.20453000000000002 0.08258249999999999 0.11696333333333332
0 0.5826837500000001 0.22505166666666665 0.04067125 0.16228333333333333
0 0.6012424999999999 0.17146333333333333 0.1074475 0.069
0 0.67347 0.25640333333333337 0.110815 0.09245
0 0.678755 0.5229983333333333 0.1069575 0.08373833333333333
0 0.6757975 0.5756916666666667 0.05053875 0.05124666666666667
0 0.74279 0.5740316666666667 0.08752750000000001 0.11953833333333333
0 0.7803150000000001 0.6124033333333333 0.07600124999999999 0.10222166666666667
0 0.43442624999999996 0.7106283333333334 0.08163875 0.0817
0 0.3014325 0.6578883333333333 0.10504125 0.042485
0 0.2993875 0.6531633333333333 0.04323375 0.13671333333333333
0 0.30808375 0.7028216666666667 0.07986499999999999 0.07463666666666667