0 0.51493875 0.17313166666666666 0.04496 0.08621166666666666
0 0.44232875 0.29347166666666663 0.03768875 0.17136333333333334
0 0.37034625 0.24122833333333332 0.10672875000000001 0.09392833333333334
0 0.312935 0.31966333333333335 0.0345075 0.16965166666666667
0 0.26522875 0.37065166666666666 0.0405275 0.11880500000000001
0 0.30114125 0.5245566666666667 0.10322374999999999 0.07768833333333333
0 0.25638625000000004 0.5435 0.07254375 0.09393833333333333
0 0.23154875000000003 0.5799533333333333 0.05836875 0.15737833333333334
0 0.2588575 0.5773783333333333 0.048071249999999996 0.11841666666666667
0 0.37958125000000004 0.6187766666666666 0.11911374999999999 0.09978333333333333
0 0.45538625 0.89227 0.1145175 0.069285
0 0.732775 0.6349716666666666 0.07085 0.07537
0 0.71953125 0.49377666666666664 0.11435 0.055348333333333326
0 0.700725 0.3870566666666667 0.06557875 0.05424