0 0.588125 0.1957 0.10370874999999999 0.06711666666666667
0 0.69557 0.16609 0.05359875 0.06456333333333333
0 0.67179875 0.2234283333333333 0.05855625 0.07590666666666666
0 0.69503625 0.2779066666666667 0.07503125 0.14486500000000002
0 0.7036950000000001 0.4860133333333333 0.03734875 0.16107833333333335
0 0.7353575 0.5607366666666667 0.040674999999999996 0.1771916666666667
0 0.326115 0.3773433333333333 0.12969 0.06707166666666667
0 0.25948375 0.46098833333333333 0.038927500000000004 0.077695
0 0.29697500000000004 0.6286816666666667 0.11391124999999999 0.10308
0 0.3224825 0.68493 0.099925 0.06224333333333333
0 0.372015 0.7871366666666666 0.09898875 0.09999000000000001
0 0.55956 0.8359133333333333 0.15158000000000002 0.06421166666666667