0 0.5701675 0.22196166666666667 0.037795 0.15297333333333335
0 0.6210875 0.29085 0.039635 0.18075166666666667
0 0.74649 0.3843383333333334 0.05543875 0.15439333333333333
0 0.28764999999999996 0.3069283333333333 0.06776 0.13624166666666668
0 0.263535 0.40632 0.034528750000000004 0.145025
0 0.26010625 0.4773533333333333 0.08767125 0.07709
0 0.42064375000000004 0.43744 0.0887475 0.12726333333333334
0 0.2434425 0.6171716666666667 0.05434625 0.143395
0 0.34488875 0.649485 0.08473625 0.071355
0 0.40506875000000003 0.8044616666666667 0.055097499999999994 0.12464166666666666
0 0.5800962500000001 0.5147333333333334 0.0401525 0.185185
0 0.61134125 0.6439383333333334 0.0776425 0.12692833333333334
0 0.6470049999999999 0.5514866666666667 0.14147 0.082025
0 0.674785 0.6976416666666667 0.04703 0.17766666666666667