0 0.35766624999999996 0.23707666666666669 0.07029125 0.083205
0 0.38352125000000004 0.33490166666666665 0.04450125 0.13218666666666667
0 0.28538 0.6641833333333333 0.09822125 0.07408333333333333
0 0.27279125 0.6521549999999999 0.05304375 0.15003
0 0.29832125000000004 0.7572966666666666 0.1051425 0.13129833333333332
0 0.34631 0.7968299999999999 0.08796375000000001 0.057238333333333336
0 0.39457875000000003 0.7968116666666667 0.11525375 0.063955
0 0.46132249999999997 0.9240333333333333 0.09673999999999999 0.08870833333333333
0 0.49830375 0.6798233333333333 0.07781125 0.10470666666666667
0 0.58880625 0.7916166666666666 0.08317125 0.05806833333333334
0 0.615465 0.39080166666666666 0.09088875 0.11215333333333333
0 0.68096625 0.35951833333333333 0.07495625 0.13966333333333333
0 0.7243725 0.36729333333333336 0.08070125 0.11242666666666666
0 0.7558812500000001 0.45826833333333333 0.06771625 0.05567833333333333