0 0.48166625 0.19271166666666667 0.058333750000000004 0.11431166666666667
0 0.66333375 0.2849083333333333 0.10166625 0.10537166666666667
0 0.68 0.37516499999999997 0.04 0.06921833333333334
0 0.741875 0.4959666666666667 0.04625 0.047488333333333334
0 0.7425 0.564825 0.035 0.11853833333333334
0 0.74625 0.6042533333333333 0.0425 0.14406333333333332
0 0.59083375 0.608705 0.10166625 0.09296499999999999
0 0.224375 0.5837066666666666 0.04125 0.129635
0 0.27833375 0.5709333333333333 0.04666625 0.12408833333333333
0 0.27 0.71811 0.065 0.13844333333333333
0 0.330625 0.76699 0.08375 0.10953500000000001
0 0.43291625 0.7811499999999999 0.08083375 0.12118999999999999
0 0.44958375 0.8575266666666667 0.11916625 0.057275
0 0.61791625 0.8200333333333333 0.09083374999999999 0.07895666666666667