0 0.4217375 0.23731666666666668 0.0506925 0.14574833333333334
0 0.51756625 0.18495999999999999 0.08920375 0.09909166666666666
0 0.34549 0.24734333333333333 0.10089125 0.11975833333333333
0 0.6305775 0.21233833333333332 0.12003875 0.05175166666666667
0 0.66809875 0.23811000000000002 0.04944375 0.12932
0 0.6540975 0.23533333333333334 0.1130275 0.057703333333333336
0 0.7107975 0.3756933333333333 0.11081875 0.08417999999999999
0 0.6503049999999999 0.6340399999999999 0.07391249999999999 0.08838333333333333
0 0.32351125000000003 0.3493766666666667 0.12149625 0.06558
0 0.2938375 0.3917833333333333 0.039627499999999996 0.15439666666666665
0 0.30357875 0.5311366666666667 0.11466124999999999 0.05674333333333333
0 0.29881 0.6059666666666667 0.12014 0.08228166666666667
0 0.33905375 0.7543933333333332 0.1030325 0.11488333333333332
0 0.55770875 0.8264766666666666 0.13495625 0.050853333333333334