0 0.29273875 0.597275 0.1279375 0.076935
0 0.50436 0.8431983333333333 0.12867875 0.05211333333333334
0 0.50438625 0.81275 0.07123125 0.19455166666666665
0 0.7158175 0.5376233333333333 0.131595 0.07762999999999999
0 0.6824 0.49829833333333334 0.04476 0.13898166666666667
0 0.76732125 0.47193500000000005 0.0471025 0.15958666666666665
0 0.5536875 0.49455000000000005 0.04483375 0.07481833333333333
0 0.6756875 0.19574166666666667 0.05633375 0.12386666666666668
0 0.6795725 0.25875666666666663 0.104105 0.10656333333333333
0 0.48952749999999995 0.17448833333333336 0.10774125 0.05376499999999999
0 0.47896249999999996 0.158225 0.12211125 0.04017166666666667
0 0.5389137500000001 0.15935666666666667 0.108125 0.05595833333333333
0 0.59372875 0.19937833333333332 0.08488 0.10624666666666667