0 0.42883875 0.20174666666666666 0.11032625 0.08815333333333332
0 0.42574874999999995 0.31344500000000003 0.034545 0.06662166666666668
0 0.24902375000000002 0.422485 0.034795 0.146265
0 0.21001124999999998 0.4410833333333333 0.06972624999999999 0.05719333333333334
0 0.291815 0.6307200000000001 0.1238025 0.06831666666666666
0 0.48408 0.6628033333333334 0.09416125 0.12031
0 0.436545 0.8225766666666666 0.11318625 0.07931333333333333
0 0.5128375 0.8071033333333333 0.030732500000000003 0.06966333333333334
0 0.5906475 0.7710266666666666 0.08366625000000001 0.13442666666666667
0 0.5712025 0.793025 0.04819875 0.143435
0 0.64552625 0.7454283333333332 0.0508025 0.16081499999999999
0 0.66137 0.7626866666666666 0.08248875 0.14208666666666667
0 0.72986625 0.38117 0.07229875 0.10318833333333333
0 0.7669137500000001 0.4363416666666667 0.05397375 0.04923166666666667