0 0.2622375 0.6175616666666667 0.051935 0.08084000000000001
0 0.35257125 0.754495 0.1101025 0.07137333333333333
0 0.38219749999999997 0.808285 0.119355 0.09228666666666667
0 0.31966125 0.49650333333333335 0.0592825 0.11539
0 0.3841875 0.33875333333333335 0.128335 0.08989000000000001
0 0.3519225 0.24556833333333336 0.11880625 0.08352
0 0.48985125 0.20253666666666667 0.0521625 0.13745833333333332
0 0.65643 0.24749166666666667 0.05782 0.13403500000000002
0 0.6659175 0.2530383333333333 0.10179375 0.07846166666666667
0 0.68811375 0.30568 0.1036875 0.06707833333333334
0 0.6807525000000001 0.32228833333333334 0.12396375000000001 0.05362833333333333
0 0.72197875 0.5374933333333334 0.048917499999999996 0.05070666666666667
0 0.78343 0.56492 0.05931875 0.092225
0 0.7017325 0.34228 0.1243 0.12027833333333332