0 0.45458375 0.17549833333333334 0.07916625000000001 0.08655166666666665
0 0.52479125 0.15494833333333335 0.08208375 0.08545333333333334
0 0.46604125 0.18161000000000002 0.08458375 0.06544333333333334
0 0.24895875 0.4354166666666667 0.030416250000000002 0.13305333333333333
0 0.25770875 0.6170316666666666 0.05291625 0.12295166666666667
0 0.57229125 0.3535016666666667 0.06708375 0.09255833333333334
0 0.61583375 0.4168183333333333 0.10666625 0.07252666666666667
0 0.72125 0.45930000000000004 0.0925 0.12082166666666666
0 0.6025 0.4840216666666667 0.04 0.07359833333333334
0 0.69791625 0.498465 0.04083375 0.049153333333333334
0 0.69020875 0.60953 0.07291625 0.15128
0 0.700625 0.7706033333333333 0.07375 0.08009666666666666
0 0.518125 0.8480733333333332 0.03875 0.13836833333333334
0 0.530625 0.8453083333333334 0.08875 0.05283833333333333