0 0.24964625000000001 0.450255 0.056751249999999996 0.13622666666666666
0 0.25814 0.43835999999999997 0.07123874999999999 0.09577
0 0.28883 0.7265633333333333 0.08761875000000001 0.13217833333333334
0 0.38257125000000003 0.7274833333333333 0.0501025 0.100685
0 0.45524624999999996 0.8065016666666667 0.0954525 0.13538833333333333
0 0.59208375 0.8103533333333334 0.0791275 0.09309166666666666
0 0.6010875 0.82159 0.07963500000000001 0.07556333333333333
0 0.5023275 0.29273333333333335 0.034615 0.17451666666666665
0 0.549245 0.24745 0.02594875 0.07728333333333333
0 0.5928687499999999 0.32389833333333334 0.12569625 0.07017999999999999
0 0.6297437499999999 0.25727666666666665 0.05194625 0.11693666666666666
0 0.66036625 0.3470416666666667 0.04069125 0.1598
0 0.58407625 0.5118900000000001 0.058113750000000006 0.16616333333333333
0 0.6851775 0.5740866666666666 0.05031375 0.07389166666666667