0 0.27625 0.46763166666666667 0.0875 0.11081999999999999
0 0.53291625 0.16245166666666666 0.11583375 0.050458333333333334
0 0.565625 0.1799416666666667 0.10875 0.08210666666666666
0 0.6675 0.204655 0.11 0.10153
0 0.64125 0.196045 0.0925 0.10098
0 0.27916625 0.6606283333333334 0.03833375 0.12681333333333333
0 0.285625 0.6731316666666667 0.07375 0.088485
0 0.409375 0.798375 0.10125 0.07563666666666667
0 0.63416625 0.41821 0.058333750000000004 0.05864166666666667
0 0.73270875 0.43043 0.10291625 0.04974833333333333
0 0.74520875 0.480415 0.07791625 0.04971833333333334
0 0.66666625 0.49207166666666663 0.028333749999999998 0.09969666666666666
0 0.69770875 0.6098066666666667 0.08791625 0.14850333333333332