0 0.62376375 0.20717999999999998 0.10748624999999999 0.10521333333333333
0 0.43538125 0.29657333333333336 0.041479999999999996 0.06331333333333333
0 0.27133999999999997 0.3580966666666667 0.039357500000000004 0.12556166666666665
0 0.25534375 0.4089666666666667 0.056342500000000004 0.09894333333333333
0 0.4799725 0.6722883333333334 0.10364 0.10314999999999999
0 0.28701875 0.6312133333333334 0.12307125000000001 0.0818
0 0.7703875 0.4386383333333333 0.07815125 0.047945
0 0.756645 0.5175266666666667 0.0456 0.15392666666666666
0 0.478605 0.7984066666666666 0.07726125 0.14145833333333332
0 0.5052362499999999 0.8129383333333333 0.047765 0.10071
0 0.67892 0.653635 0.11815375 0.07710166666666667
0 0.7337125 0.6549633333333333 0.0723575 0.14956666666666665
0 0.71238375 0.6795183333333333 0.08374625000000001 0.17390666666666668
0 0.66407 0.7217966666666666 0.037785 0.16613666666666668