0 0.42 0.173835 0.095 0.06322666666666667
0 0.56291625 0.20715166666666668 0.08083375 0.11652499999999999
0 0.26291625 0.358775 0.06583375 0.113105
0 0.26520875 0.473185 0.057916249999999996 0.11525999999999999
0 0.30541625 0.5215133333333333 0.08083375 0.05858166666666667
0 0.36458375 0.7469983333333333 0.11916625 0.08955166666666665
0 0.53083375 0.6162033333333333 0.10166625 0.08463
0 0.57770875 0.48568833333333333 0.10791625 0.0636
0 0.73895875 0.476795 0.08541625 0.11248
0 0.685625 0.62508 0.07875 0.155715
0 0.72916625 0.655075 0.058333750000000004 0.12237333333333333
0 0.60625 0.7692166666666667 0.0275 0.07398833333333334
0 0.65125 0.77616 0.0875 0.06454166666666666