0 0.636155 0.3176916666666667 0.03727125 0.06776666666666667
0 0.751675 0.3072316666666667 0.03581 0.10351333333333335
0 0.71151375 0.48667666666666665 0.11798625 0.07573833333333334
0 0.64106125 0.7541633333333333 0.0570825 0.114045
0 0.448235 0.7995616666666666 0.05393 0.17150833333333332
0 0.40395749999999997 0.6013966666666667 0.062875 0.15517833333333333
0 0.2311525 0.4619083333333333 0.06226375 0.04620166666666666
0 0.2712175 0.5069766666666667 0.059895000000000004 0.14633666666666667
0 0.316395 0.60558 0.11025 0.07021
0 0.328895 0.6018733333333333 0.08525 0.06279666666666667
0 0.27436625 0.6691833333333334 0.046191249999999996 0.06408333333333334
0 0.29239625 0.6750283333333333 0.03975375 0.11910833333333333
0 0.3460675 0.7885866666666668 0.104595 0.09955833333333333