0 0.6431399999999999 0.202495 0.13624 0.08070833333333334
0 0.6149025 0.27397166666666667 0.129765 0.07366166666666667
0 0.7070025000000001 0.35207 0.07146375 0.13985666666666666
0 0.538755 0.49107166666666663 0.10247 0.131195
0 0.74190875 0.4763616666666667 0.03127625 0.061775
0 0.7160299999999999 0.6913066666666667 0.06451875 0.14833
0 0.70378625 0.742985 0.05753125 0.11168833333333333
0 0.6439975 0.7607600000000001 0.110455 0.05390333333333334
0 0.30574874999999996 0.34251666666666664 0.0889575 0.07741833333333333
0 0.2508725 0.47532499999999994 0.061704999999999996 0.13303500000000001
0 0.2386525 0.5388716666666666 0.04726375 0.14679333333333333
0 0.243095 0.6503033333333333 0.06615 0.14632333333333333
0 0.279295 0.8000799999999999 0.05855 0.13587833333333332