0 0.40333375 0.22382333333333335 0.10166625 0.04986833333333333
0 0.41708375000000003 0.183835 0.09416625 0.04322666666666667
0 0.48708375 0.16133999999999998 0.06916625 0.05490333333333334
0 0.54979125 0.253795 0.04708375 0.17648000000000003
0 0.63125 0.22520500000000002 0.1125 0.095965
0 0.7425 0.3734883333333333 0.08 0.13920000000000002
0 0.78041625 0.51234 0.02583375 0.12356666666666666
0 0.745 0.6331333333333333 0.035 0.155155
0 0.71333375 0.6453633333333333 0.10166625 0.07961333333333333
0 0.48854125 0.8103083333333334 0.07458374999999999 0.12283833333333333
0 0.333125 0.36433666666666664 0.11375 0.05756166666666667
0 0.1975 0.576485 0.07 0.13519333333333333
0 0.26958375 0.6920183333333333 0.04416625 0.06625666666666667