0 0.23441625 0.39833166666666664 0.06129125 0.18571333333333334
0 0.3309325 0.605965 0.07932375 0.15098166666666665
0 0.51496375 0.8066016666666667 0.0648875 0.172255
0 0.40562374999999995 0.221215 0.07620625 0.12481333333333333
0 0.501645 0.15967333333333333 0.11822125 0.04748666666666667
0 0.5546375 0.16844499999999998 0.1208275 0.06643666666666667
0 0.54444125 0.16508 0.11309375 0.05127
0 0.4812375 0.23387833333333333 0.04575875 0.164955
0 0.5948562500000001 0.38426166666666667 0.10210625000000001 0.08314833333333334
0 0.69061625 0.19360666666666668 0.056275 0.071755
0 0.72281375 0.34015666666666666 0.08796999999999999 0.10605333333333335
0 0.729095 0.369425 0.06994 0.13927166666666665
0 0.7752125 0.38859333333333335 0.0503575 0.09884666666666668
0 0.79669875 0.4329516666666667 0.05113375 0.14255166666666666