0 0.41425875 0.25253333333333333 0.04597625 0.180785
0 0.5478737499999999 0.16584500000000002 0.11570749999999999 0.07740666666666667
0 0.4696925 0.28536500000000004 0.04434375 0.07311333333333334
0 0.44413749999999996 0.3866683333333334 0.073235 0.06572
0 0.3103075 0.35192833333333334 0.12057375000000001 0.04624166666666667
0 0.31227375 0.38774499999999995 0.13700625 0.051208333333333335
0 0.28163375 0.3415683333333333 0.05572625 0.11885333333333334
0 0.21509125 0.4908266666666667 0.03514125 0.14404
0 0.27936 0.5217183333333333 0.13618125 0.06248833333333333
0 0.25622 0.5309683333333334 0.0399 0.157655
0 0.39036624999999997 0.6619266666666667 0.13819375 0.06624
0 0.6932525 0.7280733333333332 0.09896375 0.11186333333333333
0 0.72202 0.5146783333333333 0.134 0.06174166666666667
0 0.7233674999999999 0.5557116666666667 0.051695 0.05380833333333334