0 0.28806625 0.3502166666666667 0.0835925 0.13615
0 0.32989125 0.29757500000000003 0.06474250000000001 0.147535
0 0.6262675000000001 0.26394333333333336 0.119995 0.10360333333333334
0 0.6220137499999999 0.2864966666666667 0.041486249999999995 0.18204499999999998
0 0.5747725 0.5091733333333334 0.054505000000000005 0.17406500000000003
0 0.771325 0.46753999999999996 0.05760875 0.10413
0 0.66302625 0.4448416666666667 0.07596125000000001 0.09533166666666666
0 0.68045125 0.480105 0.0911175 0.07207833333333334
0 0.7098 0.7305016666666667 0.0785425 0.10897666666666667
0 0.6204824999999999 0.804935 0.125915 0.08153833333333334
0 0.5535875 0.817615 0.08121625 0.129405
0 0.42947625 0.67258 0.08807125 0.08316333333333334
0 0.407675 0.7835733333333332 0.0754175 0.09383333333333334
0 0.2989375 0.669185 0.094265 0.07512166666666667