0 0.69587 0.1920933333333333 0.0567 0.09656999999999999
0 0.56956 0.16571666666666665 0.13158 0.05048333333333333
0 0.5540325 0.19589833333333334 0.083025 0.14085
0 0.73767125 0.3445283333333333 0.0453025 0.09810666666666666
0 0.7377400000000001 0.41377833333333336 0.07293875 0.07327499999999999
0 0.46316250000000003 0.317015 0.09628375 0.086415
0 0.3412325 0.30654166666666666 0.062424999999999994 0.05547
0 0.29331999999999997 0.32142666666666664 0.09159874999999999 0.06523666666666667
0 0.27404125 0.35509999999999997 0.050543750000000005 0.16591833333333333
0 0.3253775 0.38977 0.068215 0.13859
0 0.28431625000000005 0.4970916666666667 0.0910925 0.12656833333333334
0 0.27181625000000004 0.6813216666666666 0.1160925 0.09169666666666666
0 0.287235 0.6842950000000001 0.05192875 0.13764166666666666
0 0.5029025 0.8047783333333334 0.098265 0.15860666666666667