0 0.4278875 0.24147166666666667 0.105735 0.13866166666666668
0 0.6854987499999999 0.25851166666666664 0.0959575 0.11940833333333334
0 0.7135975 0.35870833333333335 0.097155 0.13646666666666665
0 0.73841125 0.4649683333333333 0.05678375 0.06232166666666667
0 0.34238625 0.33612333333333333 0.13973125 0.067965
0 0.25205125 0.44176333333333334 0.08156375 0.13591166666666668
0 0.26878500000000005 0.6665383333333333 0.09253 0.11879333333333333
0 0.3010975 0.7465633333333334 0.08715375 0.09217833333333335
0 0.32847624999999997 0.7404433333333333 0.11941249999999999 0.05993833333333333
0 0.49952375 0.6775583333333334 0.08650875000000001 0.10416666666666667
0 0.37780125 0.8559266666666667 0.0855625 0.09090333333333332
0 0.5587525000000001 0.79047 0.11246500000000001 0.09332333333333334
0 0.5812025 0.8100100000000001 0.132365 0.06907
0 0.631155 0.783575 0.04727125 0.042866666666666664