0 0.28669875 0.38061833333333334 0.12335625 0.08028833333333334
0 0.5274875 0.10903666666666667 0.032433750000000004 0.09712333333333334
0 0.5911787500000001 0.3369566666666667 0.1198175 0.06629833333333333
0 0.3238975 0.52242 0.045255000000000004 0.177225
0 0.3234325 0.7503283333333334 0.09432375 0.07970666666666666
0 0.35741 0.7692916666666667 0.10227875 0.11096833333333332
0 0.38939625 0.8098233333333332 0.1012525 0.06203
0 0.46547625 0.8118466666666666 0.10091249999999999 0.14941000000000002
0 0.686195 0.6357916666666666 0.07234874999999999 0.150635
0 0.69515125 0.7446233333333333 0.08776125 0.11829833333333332
0 0.7496825 0.45846000000000003 0.076825 0.09263666666666667
0 0.72681375 0.498975 0.0910875 0.12033333333333333
0 0.78544375 0.5136583333333333 0.06084625 0.05636833333333333