0 0.32484125 0.3617833333333333 0.1396425 0.07595166666666667
0 0.3691225 0.168875 0.08070375 0.10346833333333333
0 0.54223125 0.33075166666666667 0.03442125 0.06388666666666666
0 0.62235875 0.25119833333333336 0.07967624999999999 0.14144666666666666
0 0.66605625 0.263225 0.10707125 0.06550166666666667
0 0.69730625 0.1827683333333333 0.04457125 0.09792166666666666
0 0.73345875 0.3451883333333334 0.0518775 0.15609333333333333
0 0.7050599999999999 0.49531000000000003 0.047578749999999996 0.16967
0 0.29670125 0.69461 0.0533625 0.151605
0 0.30903625 0.67194 0.08053249999999999 0.11293166666666667
0 0.5829650000000001 0.7736583333333333 0.06589 0.17636666666666667
0 0.5371125 0.815855 0.08168625 0.12409500000000001
0 0.45593875 0.8301083333333332 0.1218375 0.06593500000000001
0 0.5154237500000001 0.8597199999999999 0.11580750000000001 0.06849