0 0.688765 0.19002333333333335 0.04499 0.095765
0 0.6854275 0.3535783333333333 0.11831625 0.11954166666666667
0 0.6932787499999999 0.4934266666666667 0.04151625 0.175905
0 0.5479475 0.3889516666666667 0.043353749999999996 0.06362166666666667
0 0.44515499999999997 0.18832833333333335 0.09526875 0.10904166666666666
0 0.41564375000000003 0.20870166666666667 0.0987475 0.08312166666666666
0 0.38546125000000003 0.21687666666666666 0.11838125 0.049471666666666664
0 0.35074374999999997 0.24589833333333336 0.09894750000000001 0.04085
0 0.25253875 0.6126033333333333 0.07503625 0.14759
0 0.35872750000000003 0.7224416666666666 0.12741375 0.053935000000000004
0 0.40462625 0.8368183333333333 0.09671375 0.10935333333333333
0 0.5196124999999999 0.8160716666666668 0.11668625 0.12119333333333333
0 0.51825125 0.79166 0.05646125 0.18237