0 0.377015 0.21191833333333332 0.08898874999999999 0.11622166666666667
0 0.35516250000000005 0.2756383333333333 0.12528625 0.07032833333333334
0 0.42236 0.2993416666666667 0.03717875 0.18106666666666668
0 0.38830624999999996 0.24798 0.15157125 0.10834666666666667
0 0.31088499999999997 0.36372333333333334 0.13423 0.04983166666666667
0 0.30544625000000003 0.39274499999999996 0.13585125 0.04120833333333333
0 0.28517125 0.52916 0.11530249999999999 0.06737333333333334
0 0.36398625 0.6227316666666667 0.0354325 0.154515
0 0.25091625 0.7214633333333333 0.09679375 0.10531166666666666
0 0.38881625000000003 0.6885783333333334 0.13759125 0.08954
0 0.6413625 0.7513316666666666 0.06018375 0.161715
0 0.717855 0.5001966666666666 0.12566875 0.05611166666666667
0 0.7419525 0.53518 0.066365 0.06274500000000001