0 0.34520875 0.19327666666666668 0.06291624999999999 0.04211
0 0.34895875 0.22881500000000002 0.04041625 0.093185
0 0.376875 0.20520833333333333 0.03125 0.10930666666666668
0 0.43895875 0.21742999999999998 0.06041625 0.09374833333333334
0 0.465 0.15912166666666666 0.09 0.03713166666666667
0 0.47229125 0.12052166666666667 0.09708375 0.03659833333333334
0 0.556875 0.263795 0.05625 0.15648
0 0.72583375 0.27323833333333336 0.05166625 0.1487
0 0.64541625 0.34323000000000004 0.07583374999999999 0.06201666666666667
0 0.759375 0.47151666666666664 0.04125 0.13192166666666666
0 0.65125 0.5831466666666667 0.0425 0.15518333333333334
0 0.62125 0.6928483333333334 0.1225 0.07792
0 0.541875 0.75505 0.08125 0.10232166666666666
0 0.26583375000000004 0.6817449999999999 0.041666249999999995 0.04904666666666666