0 0.42985375 0.1864333333333333 0.1221675 0.048584999999999996
0 0.4724425 0.16439333333333334 0.107345 0.07783833333333333
0 0.7388987499999999 0.30530666666666667 0.05025625 0.052998333333333335
0 0.75723875 0.5169600000000001 0.11238625000000001 0.12203333333333334
0 0.71076625 0.6269233333333333 0.0787925 0.14668833333333334
0 0.7409325 0.6209916666666666 0.045858750000000004 0.1440766666666667
0 0.6910037499999999 0.7132283333333334 0.1217425 0.04798
0 0.5040775 0.84739 0.06545875 0.130285
0 0.43476125000000004 0.8930266666666666 0.111045 0.072535
0 0.27048500000000003 0.6036050000000001 0.10391500000000001 0.10313499999999999
0 0.30172875 0.7259283333333333 0.07853125 0.13504333333333332
0 0.36949624999999997 0.6950766666666667 0.038325000000000005 0.13808499999999999