0 0.31799125 0.352915 0.1257225 0.06461166666666666
0 0.2822575 0.3934533333333333 0.05307 0.15359833333333334
0 0.2987775 0.5407033333333333 0.1193325 0.05731
0 0.40558625 0.31684666666666667 0.04104625 0.06050833333333334
0 0.3000625 0.603725 0.1088525 0.08842666666666665
0 0.33538375000000004 0.7508733333333333 0.09643125000000001 0.10426500000000001
0 0.55428625 0.8292066666666666 0.13316375 0.04259666666666667
0 0.6500775 0.6482516666666667 0.04352 0.06672833333333333
0 0.7332937500000001 0.39080166666666666 0.08298625 0.07235333333333334
0 0.73020625 0.43257 0.1041025 0.07678166666666666
0 0.7684500000000001 0.5075183333333334 0.05837 0.164975
0 0.54302625 0.17104833333333333 0.11064375 0.053698333333333334
0 0.6087112499999999 0.20968666666666666 0.10318125 0.08667166666666666
0 0.68579 0.25521 0.08172 0.11760000000000001