0 0.2474 0.31671333333333335 0.07975875 0.11914333333333334
0 0.2710325 0.32409666666666664 0.06952375000000001 0.14391166666666666
0 0.275315 0.3494116666666666 0.04059 0.127875
0 0.54797125 0.30009166666666665 0.035901249999999996 0.0659
0 0.25848750000000004 0.5595883333333334 0.059435 0.144895
0 0.304685 0.7399966666666666 0.08182875 0.14237833333333333
0 0.3839575 0.7972933333333334 0.102875 0.09697166666666668
0 0.44680000000000003 0.7987283333333333 0.06605875 0.173175
0 0.56502625 0.8835966666666667 0.09251125 0.11957833333333334
0 0.58493125 0.8212283333333333 0.08232375 0.12817499999999998
0 0.7983125 0.4833733333333333 0.06658375 0.07246333333333332
0 0.7289425 0.61259 0.105345 0.08089833333333334
0 0.699385 0.7810866666666667 0.12372875 0.11455833333333333
0 0.7516725 0.68359 0.085805 0.16623166666666667