0 0.40875 0.22992833333333332 0.1075 0.07541166666666667
0 0.35375 0.30018833333333333 0.1125 0.059265
0 0.339375 0.35100833333333337 0.09125 0.04424
0 0.29083375 0.4529066666666667 0.041666249999999995 0.15803666666666666
0 0.65458375 0.30018833333333333 0.034166249999999995 0.059265
0 0.675 0.29962 0.055 0.14479666666666666
0 0.71333375 0.2885183333333333 0.04666625 0.10259333333333333
0 0.750625 0.40654833333333334 0.03375 0.04865
0 0.8295837500000001 0.5220533333333334 0.034166249999999995 0.15966166666666667
0 0.62083375 0.5342716666666667 0.041666249999999995 0.16409833333333335
0 0.40041625 0.7020150000000001 0.11083375 0.06625166666666667
0 0.31375 0.7289450000000001 0.0925 0.11011166666666666
0 0.53458375 0.8311366666666666 0.08416625000000001 0.114495
0 0.58666625 0.8141933333333333 0.03833375 0.13727666666666666