0 0.34528125 0.20929 0.10802125 0.09429833333333333
0 0.5154237500000001 0.18854333333333334 0.11580750000000001 0.10613833333333333
0 0.54866125 0.16547166666666668 0.11228125 0.06332666666666667
0 0.61559875 0.187955 0.10615625 0.09496166666666667
0 0.74697625 0.30818 0.04891125 0.06207833333333334
0 0.7730137499999999 0.5001683333333333 0.0634875 0.06605333333333334
0 0.66254125 0.706995 0.040042499999999995 0.16637333333333335
0 0.64777125 0.7310616666666666 0.0955025 0.081175
0 0.62622375 0.7860166666666667 0.08490625 0.057751666666666666
0 0.55428625 0.776145 0.10103125 0.10467499999999999
0 0.55798875 0.8324516666666667 0.1084375 0.04395333333333334
0 0.4565675 0.8265016666666667 0.07059375 0.09538833333333334
0 0.3285025 0.50567 0.061965000000000006 0.09705666666666667
0 0.30040375 0.48292500000000005 0.060767499999999995 0.15490166666666666