0 0.24480875 0.39605 0.06457625 0.044483333333333326
0 0.23636125000000002 0.40379166666666666 0.0351825 0.15996666666666665
0 0.36125375000000004 0.29279 0.0649675 0.15463166666666667
0 0.33488875 0.54587 0.10473625 0.09079
0 0.27390375 0.6167116666666667 0.04526625 0.15914166666666668
0 0.40175875 0.6013966666666667 0.07097624999999999 0.15517833333333333
0 0.296165 0.65575 0.12479000000000001 0.05388333333333334
0 0.29079875 0.7062066666666666 0.054057499999999994 0.08146500000000001
0 0.31415125 0.79044 0.0832625 0.10326500000000001
0 0.638145 0.32927 0.04625125 0.07426
0 0.6982999999999999 0.319615 0.07405875 0.11828166666666667
0 0.7201925 0.49649 0.122845 0.04869833333333333
0 0.7575299999999999 0.5283116666666666 0.05002 0.14567333333333332
0 0.69957 0.6390833333333333 0.1141 0.08721666666666666