0 0.5204975 0.107585 0.03345375 0.097555
0 0.3502575 0.25348333333333334 0.10547374999999999 0.13935
0 0.3113975 0.4255566666666667 0.070255 0.15349833333333335
0 0.31000625000000004 0.4019533333333333 0.1174725 0.079625
0 0.28202499999999997 0.45041333333333333 0.07901000000000001 0.15320999999999999
0 0.76969875 0.5658516666666666 0.0989075 0.07077166666666666
0 0.683355 0.6719966666666667 0.0611625 0.13824833333333333
0 0.67426125 0.666805 0.13622625 0.04887166666666667
0 0.73595875 0.6580016666666667 0.0599525 0.07515166666666667
0 0.72695625 0.7424499999999999 0.12752 0.04072
0 0.7090625 0.7364833333333333 0.0763725 0.09168833333333333
0 0.63598375 0.786135 0.04541 0.05202666666666667
0 0.6600475 0.8037966666666666 0.09792624999999999 0.12245666666666667