0 0.50808875 0.8100933333333334 0.0786375 0.18257
0 0.25543375 0.43346 0.043326250000000004 0.14263666666666666
0 0.27190875 0.4293883333333333 0.05794 0.14461166666666667
0 0.794365 0.3992166666666667 0.043045 0.12876166666666666
0 0.7423875000000001 0.32257 0.06989625 0.17123333333333335
0 0.6972837500000001 0.1928666666666667 0.046427500000000003 0.09157833333333333
0 0.63697625 0.21041 0.085985 0.10530666666666667
0 0.59025125 0.20784833333333333 0.10332 0.07348833333333334
0 0.4386875 0.2996916666666667 0.10719 0.07386666666666666
0 0.47718374999999996 0.20402833333333334 0.07072624999999999 0.15305333333333335
0 0.5186649999999999 0.16753166666666666 0.11231375 0.07828166666666667
0 0.405225 0.20919833333333335 0.0723 0.12424166666666668
0 0.37948624999999997 0.2431333333333333 0.032835 0.16719333333333333
0 0.35702875 0.22835333333333332 0.08269125 0.11627666666666667