0 0.4895925 0.115545 0.13414375 0.06680833333333333
0 0.359865 0.21918666666666664 0.062189999999999995 0.18075833333333333
0 0.3124825 0.35792 0.119925 0.05155666666666666
0 0.31433375 0.38549 0.12362875 0.043365
0 0.4770975 0.4408433333333333 0.059155 0.167405
0 0.30031 0.5891 0.09057875 0.11058333333333334
0 0.29091125 0.5546633333333333 0.1167825 0.05837666666666667
0 0.25823375 0.674295 0.0414275 0.15764166666666668
0 0.32643875 0.7145683333333334 0.12533875 0.054855
0 0.38946499999999995 0.6805766666666667 0.12888875 0.06353666666666667
0 0.73588875 0.49835666666666667 0.06923625 0.11909666666666667
0 0.7075825 0.584705 0.035125 0.055126666666666664
0 0.6914475 0.6910483333333334 0.08035500000000001 0.09448166666666666
0 0.73084125 0.6654183333333333 0.09414125 0.076555