0 0.37710625 0.20225 0.10917125 0.09355166666666666
0 0.43909375 0.20253666666666667 0.04814625 0.13745833333333332
0 0.40803125 0.313985 0.0510225 0.060353333333333335
0 0.2150675 0.4810433333333334 0.04259375 0.16113666666666668
0 0.29211375 0.6333083333333334 0.1291875 0.079
0 0.49285875 0.6600866666666667 0.08317625 0.129225
0 0.38312124999999997 0.807145 0.09697875 0.058596666666666665
0 0.396425 0.827725 0.10815875 0.08077
0 0.435985 0.8433700000000001 0.1125225 0.042445
0 0.5450962500000001 0.86247 0.1219025 0.066405
0 0.5421437499999999 0.8149116666666667 0.07683875000000001 0.12633833333333333