0 0.53163 0.30484666666666665 0.04821875 0.068745
0 0.2779275 0.4195833333333333 0.098315 0.07155
0 0.76364125 0.4816316666666667 0.03224375 0.17231500000000002
0 0.798775 0.4723533333333333 0.06751 0.08709
0 0.2853125 0.69961 0.070585 0.141605
0 0.3560675 0.7558299999999999 0.084595 0.11071166666666667
0 0.37983625 0.8060583333333334 0.12963125 0.07450166666666666
0 0.40062374999999995 0.8023933333333333 0.08620625 0.12383833333333333
0 0.5109575 0.8234266666666668 0.10437375 0.15590333333333334
0 0.5247775 0.82982 0.054515 0.16535666666666665
0 0.58382 0.8584266666666668 0.0901 0.08590333333333333
0 0.6395075 0.7952833333333333 0.106475 0.07628333333333333
0 0.71818125 0.7014349999999999 0.07132250000000001 0.155255
0 0.65339625 0.819375 0.0842525 0.12446833333333332