0 0.44557375 0.17292666666666665 0.06110625 0.13490333333333332
0 0.5954149999999999 0.1819066666666667 0.10579125 0.10952999999999999
0 0.34998 0.24757833333333334 0.09492 0.10420833333333333
0 0.30857625 0.32191166666666665 0.0296125 0.182875
0 0.3135025 0.38615 0.091965 0.10135000000000001
0 0.23307499999999998 0.38467 0.04360875 0.11172333333333334
0 0.28114375 0.418015 0.1122475 0.11174833333333334
0 0.682515 0.363235 0.05749 0.07552
0 0.38993 0.5983083333333333 0.07981999999999999 0.149
0 0.30954375 0.5881366666666666 0.11654625 0.08532666666666666
0 0.3007725 0.7292216666666667 0.09150499999999999 0.14416
0 0.42224124999999996 0.8137866666666667 0.07444374999999999 0.12329166666666666
0 0.7228312499999999 0.49460833333333337 0.1231225 0.054933333333333334
0 0.75396625 0.5114866666666666 0.047891249999999996 0.162025