0 0.47916625 0.14051333333333335 0.11333375 0.05658166666666667
0 0.625625 0.28490000000000004 0.03875 0.165355
0 0.659375 0.385435 0.09125 0.10642333333333333
0 0.73270875 0.376 0.02791625 0.05422333333333333
0 0.579375 0.5153883333333333 0.04125 0.16633166666666666
0 0.34125 0.540675 0.1125 0.046906666666666666
0 0.270625 0.6220316666666666 0.09375 0.11295166666666667
0 0.33958375 0.6137016666666667 0.11916625 0.10295833333333333
0 0.28833375 0.6839566666666667 0.07666625 0.12013499999999999
0 0.31729124999999997 0.7092333333333333 0.10208375 0.08068833333333333
0 0.38833375000000003 0.7072766666666667 0.041666249999999995 0.166775
0 0.4525 0.682015 0.075 0.09958666666666667
0 0.691875 0.6975566666666667 0.05625 0.16400333333333333