0 0.42104125 0.17883000000000002 0.10958375 0.08654999999999999
0 0.53770875 0.16744833333333334 0.07791625 0.06711833333333334
0 0.26770875 0.6578499999999999 0.06291624999999999 0.141255
0 0.43541625 0.852245 0.07583374999999999 0.09671166666666667
0 0.46020875 0.8283683333333334 0.11291625000000001 0.055625
0 0.55708375 0.8322516666666667 0.10416625 0.09005833333333334
0 0.62 0.18744000000000002 0.07 0.080435
0 0.62791625 0.23493166666666665 0.11583375 0.04541833333333333
0 0.69875 0.27963 0.0675 0.11814833333333333
0 0.62104125 0.47125 0.03958375 0.061386666666666666
0 0.71979125 0.45847166666666667 0.09208374999999999 0.08916500000000001
0 0.701875 0.600365 0.08125 0.14962