0 0.260625 0.41708500000000004 0.03875 0.15639166666666668
0 0.364375 0.4992816666666667 0.03625 0.16078666666666666
0 0.64645875 0.2607433333333333 0.050416249999999996 0.140375
0 0.68625 0.32155999999999996 0.0375 0.13867333333333332
0 0.6527087500000001 0.3274033333333333 0.042916249999999996 0.053695
0 0.75833375 0.442925 0.05666625 0.05140666666666666
0 0.27 0.6087066666666666 0.095 0.079635
0 0.25791625 0.7033966666666667 0.06083375 0.11234833333333334
0 0.298125 0.759765 0.06875 0.14175166666666666
0 0.57375 0.7811499999999999 0.0975 0.127855
0 0.62666625 0.8364133333333332 0.06833375 0.11504833333333332