0 0.4666825 0.2849333333333333 0.06332375 0.07891833333333333
0 0.25066 0.4494083333333333 0.12878 0.07120166666666666
0 0.31271875 0.5346466666666667 0.04539625 0.17501
0 0.30597874999999997 0.6730466666666667 0.1144175 0.08847833333333334
0 0.30306625000000004 0.7291916666666666 0.0535925 0.15410166666666666
0 0.46274374999999995 0.7184916666666666 0.13044624999999999 0.059366666666666665
0 0.50058875 0.8216316666666666 0.0936375 0.13231333333333334
0 0.785605 0.4672233333333334 0.05867125 0.070165
0 0.6164974999999999 0.7241666666666666 0.07893125000000001 0.11314666666666666
0 0.6934375 0.73448 0.09145375 0.08313833333333333
0 0.6914625 0.6911700000000001 0.1149325 0.06966
0 0.6915125000000001 0.646255 0.09920875 0.097975
0 0.69575125 0.6279516666666667 0.105575 0.11059833333333334
0 0.72148875 0.6083266666666667 0.0462875 0.15714666666666666