0 0.42658999999999997 0.17164833333333335 0.12314125 0.07568166666666666
0 0.251775 0.48239499999999996 0.07100875000000001 0.12383999999999999
0 0.25569625 0.44823666666666667 0.08130625000000001 0.12520833333333334
0 0.2492175 0.5316683333333334 0.058206249999999994 0.12978166666666668
0 0.3712925 0.699285 0.04471875 0.14584166666666665
0 0.33056 0.8370283333333334 0.11641750000000001 0.054825
0 0.52643375 0.836515 0.10852375 0.057855
0 0.7167625000000001 0.6099416666666667 0.11997 0.101045
0 0.73995 0.6435500000000001 0.098385 0.16014833333333334
0 0.7508262499999999 0.568805 0.06536499999999999 0.11614666666666666
0 0.7859299999999999 0.4784666666666667 0.03617 0.050425000000000005
0 0.5647150000000001 0.304025 0.0572825 0.10050666666666666
0 0.67762625 0.40312 0.1289275 0.06473