0 0.5316787500000001 0.15407166666666666 0.10325 0.04761833333333333
0 0.5234512499999999 0.17819833333333335 0.11147750000000001 0.04321833333333333
0 0.56890625 0.21685333333333331 0.10366249999999999 0.058
0 0.47100375 0.26071833333333333 0.12505249999999998 0.05358833333333333
0 0.6294125 0.2985983333333333 0.06774875 0.13291
0 0.730125 0.2952033333333333 0.07029875 0.108635
0 0.26644375000000003 0.5641866666666666 0.09579625 0.057985
0 0.60828625 0.48164666666666667 0.03861 0.07357
0 0.71847 0.44717 0.0950675 0.115345
0 0.695705 0.488445 0.03861 0.07550833333333333
0 0.696615 0.6008316666666667 0.08632625000000001 0.14584333333333332
0 0.65290625 0.76907 0.05135875 0.094765
0 0.55383125 0.846995 0.058643749999999994 0.09617666666666666
0 0.4582175 0.8348633333333334 0.11874375000000001 0.05443