0 0.47104625 0.156155 0.11385124999999999 0.054026666666666674
0 0.5388587499999999 0.30273333333333335 0.03836125 0.07868833333333333
0 0.79999875 0.4783266666666667 0.06208875 0.072605
0 0.24451875 0.5290783333333333 0.03858375 0.14712166666666668
0 0.30982125000000005 0.5961333333333334 0.11432874999999999 0.038695
0 0.25586625 0.6286216666666666 0.0511725 0.13639333333333334
0 0.4347975 0.6240083333333334 0.03223375 0.15989
0 0.43045625 0.8466066666666667 0.08466249999999999 0.09832666666666667
0 0.47145 0.85643 0.08767 0.06038333333333334
0 0.49590249999999997 0.8062950000000001 0.03785 0.17895333333333333
0 0.59640875 0.8288433333333334 0.10187874999999999 0.05457166666666667
0 0.6135575 0.8281183333333333 0.1077925 0.09261333333333333
0 0.67329375 0.7468866666666666 0.075475 0.08481833333333334
0 0.71263125 0.7062966666666666 0.069 0.15501833333333334